0 1.000000 0.000000 0.000000 0.000000 0.000000 1.000000 0.000000 0.000000 0.000000 0.000000 1.000000 0.000000 0.000000 0.000000 0.000000 1.000000
1 0.999901 0.007711 0.011779 0.271589 -0.007575 0.999904 -0.011588 -0.013686 -0.011867 0.011498 0.999863 -0.962316 0.000000 0.000000 0.000000 1.000000
2 0.999561 -0.006892 0.028823 -0.397371 0.007006 0.999968 -0.003851 0.098436 -0.028795 0.004051 0.999577 -0.227523 0.000000 0.000000 0.000000 1.000000
3 0.990676 -0.004267 0.136174 -1.395817 0.003491 0.999976 0.005936 0.090076 -0.136196 -0.005405 0.990667 -0.282627 0.000000 0.000000 0.000000 1.000000
4 0.906386 -0.161218 0.390477 -2.344279 0.142553 0.986824 0.076536 -0.124188 -0.397671 -0.013708 0.917426 -0.516102 0.000000 0.000000 0.000000 1.000000
5 0.748854 -0.275629 0.602699 -3.290596 0.195273 0.960806 0.196773 -0.394667 -0.633313 -0.029663 0.773327 -0.339113 0.000000 0.000000 0.000000 1.000000
6 0.546367 -0.318098 0.774788 -4.176759 0.149812 0.947268 0.283267 -0.727671 -0.824038 -0.038695 0.565211 -0.016895 0.000000 0.000000 0.000000 1.000000
7 0.423327 -0.372573 0.825823 -4.812254 0.146923 0.927693 0.343218 -1.160665 -0.893984 -0.023961 0.447458 0.622372 0.000000 0.000000 0.000000 1.000000
8 0.338994 -0.397635 0.852625 -5.413176 0.128548 0.917365 0.376719 -1.470272 -0.931965 -0.018103 0.362096 1.359282 0.000000 0.000000 0.000000 1.000000
9 0.164007 -0.439568 0.883109 -6.090692 0.086263 0.898193 0.431055 -1.803703 -0.982680 0.005484 0.185228 2.014871 0.000000 0.000000 0.000000 1.000000
10 -0.094660 -0.501734 0.859827 -6.708058 0.008467 0.863268 0.504674 -2.222121 -0.995474 0.055053 -0.077469 2.681042 0.000000 0.000000 0.000000 1.000000
11 -0.479080 -0.523118 0.704861 -6.323597 -0.151059 0.840167 0.520865 -2.305953 -0.864675 0.143060 -0.481529 3.600369 0.000000 0.000000 0.000000 1.000000
12 -0.698863 -0.473814 0.535809 -5.605904 -0.220313 0.855292 0.468975 -2.372767 -0.680480 0.209703 -0.702119 4.293517 0.000000 0.000000 0.000000 1.000000
13 -0.819836 -0.435730 0.371495 -4.629311 -0.271441 0.867002 0.417884 -2.263665 -0.504172 0.241757 -0.829074 4.478888 0.000000 0.000000 0.000000 1.000000
14 -0.897830 -0.408909 0.163385 -3.778868 -0.326999 0.867635 0.374541 -2.155710 -0.294912 0.282848 -0.912702 4.993758 0.000000 0.000000 0.000000 1.000000
15 -0.936619 -0.348965 -0.031126 -2.804784 -0.335804 0.868850 0.363779 -1.934605 -0.099902 0.351175 -0.930965 4.946075 0.000000 0.000000 0.000000 1.000000
16 -0.919548 -0.317689 -0.231314 -1.831075 -0.379099 0.872173 0.309189 -1.707089 0.103520 0.372005 -0.922440 4.934779 0.000000 0.000000 0.000000 1.000000
17 -0.908226 -0.273973 -0.316331 -0.852883 -0.365633 0.887212 0.281366 -1.582690 0.203565 0.371205 -0.905962 4.768449 0.000000 0.000000 0.000000 1.000000
18 -0.870566 -0.250708 -0.423392 0.113838 -0.390759 0.875185 0.285233 -1.342997 0.299036 0.413758 -0.859873 4.857876 0.000000 0.000000 0.000000 1.000000
19 -0.778873 -0.182621 -0.600006 1.044097 -0.394152 0.886672 0.241779 -1.124173 0.487854 0.424808 -0.762585 4.563369 0.000000 0.000000 0.000000 1.000000
20 -0.667344 -0.120215 -0.734983 1.897274 -0.369665 0.910200 0.186772 -0.899875 0.646529 0.396339 -0.651856 4.092434 0.000000 0.000000 0.000000 1.000000
21 -0.488269 0.002441 -0.872690 2.652882 -0.313548 0.932733 0.178039 -0.757356 0.814421 0.360561 -0.454659 3.453103 0.000000 0.000000 0.000000 1.000000
22 -0.241015 0.088455 -0.966482 3.198227 -0.305496 0.938301 0.162059 -0.745001 0.921186 0.334315 -0.199122 2.614983 0.000000 0.000000 0.000000 1.000000
23 -0.137121 0.111967 -0.984206 3.564834 -0.296243 0.943481 0.148607 -0.624416 0.945218 0.311941 -0.096201 1.692454 0.000000 0.000000 0.000000 1.000000
24 -0.088165 0.162716 -0.982726 4.053001 -0.320291 0.929545 0.182645 -0.412855 0.943208 0.330861 -0.029837 0.845734 0.000000 0.000000 0.000000 1.000000
25 0.162883 0.203257 -0.965482 4.374117 -0.277433 0.948504 0.152878 -0.242238 0.946837 0.242956 0.210886 -0.085810 0.000000 0.000000 0.000000 1.000000
26 0.215927 0.216027 -0.952212 4.926308 -0.304410 0.941506 0.144570 -0.233571 0.927745 0.258646 0.269057 -0.919483 0.000000 0.000000 0.000000 1.000000
27 0.337122 0.198436 -0.920311 5.022994 -0.271179 0.956572 0.106918 -0.271556 0.901560 0.213525 0.376293 -1.914073 0.000000 0.000000 0.000000 1.000000
28 0.576036 0.214250 -0.788847 5.360702 -0.264151 0.962053 0.068403 -0.127555 0.773567 0.168972 0.610772 -2.844243 0.000000 0.000000 0.000000 1.000000
29 0.690731 0.204821 -0.693498 5.065110 -0.220651 0.973007 0.067601 -0.061496 0.688625 0.106327 0.717280 -3.797270 0.000000 0.000000 0.000000 1.000000
30 0.788454 0.237919 -0.567217 4.790886 -0.199242 0.971232 0.130428 0.033809 0.581931 0.010176 0.813175 -4.754202 0.000000 0.000000 0.000000 1.000000
31 0.874461 0.230086 -0.427059 4.221520 -0.203899 0.973150 0.106792 0.039267 0.440164 -0.006309 0.897895 -5.576268 0.000000 0.000000 0.000000 1.000000
32 0.926976 0.231663 -0.295040 3.598194 -0.217434 0.972738 0.080638 0.155271 0.305677 -0.010597 0.952076 -6.349577 0.000000 0.000000 0.000000 1.000000
33 0.991372 0.123947 -0.042644 2.605490 -0.120148 0.989331 0.082388 0.095943 0.052401 -0.076553 0.995688 -6.454550 0.000000 0.000000 0.000000 1.000000
34 0.893789 0.058948 0.444597 1.618151 -0.146370 0.975384 0.164930 0.171872 -0.423931 -0.212489 0.880415 -6.315276 0.000000 0.000000 0.000000 1.000000
35 0.736677 -0.021847 0.675891 0.959759 -0.112300 0.981648 0.154131 0.077309 -0.666855 -0.189447 0.720704 -5.568565 0.000000 0.000000 0.000000 1.000000
36 0.708201 -0.005078 0.705993 0.424475 -0.121168 0.984263 0.128626 0.026171 -0.695536 -0.176637 0.696441 -4.725442 0.000000 0.000000 0.000000 1.000000
37 0.574111 -0.132489 0.807987 -0.318069 -0.093771 0.969689 0.225632 0.034061 -0.813390 -0.205304 0.544285 -4.055691 0.000000 0.000000 0.000000 1.000000
38 0.562866 -0.129701 0.816309 -1.152295 -0.115963 0.965452 0.233357 -0.085917 -0.818373 -0.226010 0.528379 -3.517479 0.000000 0.000000 0.000000 1.000000
39 0.390318 -0.158825 0.906877 -1.657363 -0.075986 0.976090 0.203651 -0.148732 -0.917539 -0.148399 0.368917 -2.656688 0.000000 0.000000 0.000000 1.000000
40 0.326542 -0.180201 0.927846 -2.418157 -0.082716 0.972443 0.217973 -0.243874 -0.941556 -0.147925 0.302639 -2.014707 0.000000 0.000000 0.000000 1.000000
41 0.108503 -0.201704 0.973418 -2.801203 -0.124537 0.968727 0.214613 -0.532182 -0.986265 -0.144512 0.079990 -1.137123 0.000000 0.000000 0.000000 1.000000
